#AFS File: FITTING MODEL INFORMATION
#AFS Library Version: 3.00

GLOBAL CONVERGENCE : 1
FIT TYPE : 5
DATA TYPE : 2
MAXIMUM DERIVATIVE ORDER : 0
MAXIMUM BLOCK SIZE : 24

MINIMUM FREQUENCY SPACING : 3.000000e+001

NUMBER OF DATA ROWS : 1
NUMBER OF DATA COLUMNS : -1

NUMBER OF FREQUENCY BLOCKS : 1

- FREQUENCY BLOCK 1
 blackout : 0
 convergence : 1
 frequency block : 2.000000e+009 (0) - 3.000000e+009 (7)
 normalization factor : 2.449490e+009

 - BEST RATIONAL FIT: S[1,1] 
  convergence : 1
  numerator/denominator : 7 / 8
SER Version: 1.00
SER Model: S

FREQUENCY
 MIN : 2.00000000000000e+009 
 MAX : 3.00000000000000e+009
 SCALE : 2.44948974278318e+009
NR_OF_ELEMENTS : 1
 ELEMENT[0] : 1
NR_OF_PORTS : 1
 PORT[1] : 5.00000000000000e+001 +i 0.00000000000000e+000
NR_OF_POLESETS : 1
 ZEROS_POLES[0] : 7 / 8
STATE_EQUATIONS
 SER_A[0][0] : -3.0370226471739015e+000 +i 2.2838497011839105e+000 (1)
 SER_A[0][1] : -3.0370226471739015e+000 +i -2.2838497011839105e+000 (2)
 SER_A[0][2] : -1.2325646361449372e-001 +i 6.1216595808427128e+000 (1)
 SER_A[0][3] : -1.2325646361449372e-001 +i -6.1216595808427128e+000 (2)
 SER_A[0][4] : -4.4538782657254270e+000 +i 6.8218377201379701e+000 (1)
 SER_A[0][5] : -4.4538782657254270e+000 +i -6.8218377201379701e+000 (2)
 SER_A[0][6] : -2.0313975885471764e+000 +i 1.0187308680926362e+001 (1)
 SER_A[0][7] : -2.0313975885471764e+000 +i -1.0187308680926362e+001 (2)
 SER_C[0][0] : -5.4765259620796067e+000 +i 3.8166951438602061e+000
 SER_C[0][1] : -5.4765259620796067e+000 +i -3.8166951438602061e+000
 SER_C[0][2] : -1.1596700002100171e-001 +i 1.1765818510938719e-001
 SER_C[0][3] : -1.1596700002100171e-001 +i -1.1765818510938719e-001
 SER_C[0][4] : 4.4416600237351265e+000 +i -1.4619827223910702e+001
 SER_C[0][5] : 4.4416600237351265e+000 +i 1.4619827223910702e+001
 SER_C[0][6] : 6.7473493769714565e-002 +i 4.4086548930548695e+000
 SER_C[0][7] : 6.7473493769714565e-002 +i -4.4086548930548695e+000
 SER_D[0] : 0.0000000000000000e+000
 SER_E[0] : 0.0000000000000000e+000
CONVERGENCE : 0
 ERROR[0] : 8.8047390013904081e-015


